5 155 0.655045 107
5 120 0.959104 98
5 140 0.701172 100
5 119 1.000325 96
5 117 1.008929 98
6 163 0.665173 109
6 134 0.769684 102
6 152 1.040221 118
6 159 0.681048 112
6 164 0.891221 118
7 202 0.967398 130
7 165 0.836149 129
7 181 0.764850 116
7 163 1.134435 118
7 168 1.161088 130
8 192 0.825764 134
8 186 0.976479 140
8 151 0.841719 125
8 182 0.808418 133
8 141 0.890723 119
9 219 1.019355 155
9 244 1.127710 160
9 209 0.868284 146
9 232 0.750131 149
9 180 1.203206 145
10 286 0.559393 171
10 285 0.928313 179
10 231 0.898336 154
10 205 0.763800 152
10 219 0.696487 153
